MEMORY
  total            13.2 MB
  struct          159.1 KB
  buffer           75.6 KB
  arena            13.0 MB, used 0.2%

SIZES
  narena                13631488
  nbuffer               77456
  nplugin               0
  maxuse_stack          1592
  maxuse_arena          29104
  maxuse_con            0
  maxuse_efc            0
  ncon                  0
  ne                    0
  nf                    0
  nl                    0
  nefc                  0
  nJ                    0
  nA                    0
  nisland               0
  nidof                 0
  threadpool            0

TIMER
    0:  duration =  0.16       number = 1
    1:  duration =  0.16       number = 1
    2:  duration =  0          number = 0
    3:  duration =  0.15       number = 1
    4:  duration =  0.0057     number = 1
    5:  duration =  0.0013     number = 1
    6:  duration =  0.0002     number = 1
    7:  duration =  0.0014     number = 1
    8:  duration =  0.01       number = 1
    9:  duration =  0.003      number = 1
    10:  duration =  0.13       number = 1
    11:  duration =  0.004      number = 1
    12:  duration =  0.0002     number = 1
    13:  duration =  0.0072     number = 1
    14:  duration =  0.12       number = 1

ENERGY =   0         0       

TIME =  3.7     

QPOS
  -1.2     
   0.64    
   0.00064 
   0.26    
  -1.3     
  -0.0026  
  -2.4e-06 

QVEL
   4.6e-05 
   6.1e-05 
   3.5e-05 
   1.1e-05 
  -0.046   
   0.00025 
  -2.4e-07 

QACC_WARMSTART
  -0.065   
   0.012   
  -0.86    
   0.18    
   3.5     
  -0.56    
  -0.05    

CTRL
  -1.2     
   0.6     
   0       
   0.27    
  -1.3     
   0       
   0       

QFRC_APPLIED
   0       
   0       
   0       
   0       
   0       
   0       
   0       

XFRC_APPLIED
   0         0         0         0         0         0       
   0         0         0         0         0         0       
   0         0         0         0         0         0       
   0         0         0         0         0         0       
   0         0         0         0         0         0       
   0         0         0         0         0         0       
   0         0         0         0         0         0       
   0         0         0         0         0         0       
   0         0         0         0         0         0       
   0         0         0         0         0         0       
   0         0         0         0         0         0       

QACC
  -0.065   
   0.012   
  -0.86    
   0.18    
   3.5     
  -0.56    
  -0.05    

XPOS
   0         0         0       
   0.1       0.3       1       
   0.6      -0.4       0.8     
  -0.3       0.3       0.6     
   0         0         0.22    
   0         0         0.22    
   0.065    -0.15      0.44    
   0.078    -0.18      0.42    
   0.11     -0.25      0.66    
   0.11     -0.25      0.66    
   0.047    -0.33      0.71    

XQUAT
   1         0         0         0       
   1         0         0         0       
   0.71      0         0.71      0       
   1         0         0         0       
   0.83      0         0        -0.55    
   0.68     -0.44      0.56     -0.18    
   0.79      0.17      0.26     -0.52    
   0.5       0.65     -0.27     -0.49    
   0.34     -0.0092    0.19     -0.92    
   0.24      0.23     -0.52     -0.79    
   0.66      0.37     -0.65      0.1     

XMAT
   1         0         0         0         1         0         0         0         1       
   1         0         0         0         1         0         0         0         1       
   0         0         1         0         1         0        -1         0         0       
   1         0         0         0         1         0         0         0         1       
   0.39      0.92      0        -0.92      0.39     -0        -0         0         1       
   0.31     -0.23      0.92     -0.74      0.55      0.39     -0.6      -0.8      -4.2e-06 
   0.31      0.92      0.23     -0.74      0.39     -0.55     -0.6       0.00038   0.8     
   0.36      0.14     -0.92     -0.85     -0.34     -0.39     -0.37      0.93     -0.00039 
  -0.77      0.62      0.14     -0.63     -0.7      -0.34     -0.11     -0.36      0.93    
  -0.77      0.14     -0.62     -0.63     -0.34      0.7      -0.11      0.93      0.36    
   0.14     -0.62     -0.77     -0.34      0.7      -0.63      0.93      0.36     -0.11    

XIPOS
   0         0         0       
   0.1       0.3       1       
   0.6      -0.4       0.8     
  -0.3       0.3       0.6     
  -5.5e-05  -2.4e-05   0.17    
   0.013    -0.032     0.26    
   0.051    -0.12      0.38    
   0.079    -0.19      0.45    
   0.098    -0.23      0.6     
   0.11     -0.27      0.69    
   0.07     -0.32      0.72    

XIMAT
   1         0         0         0         1         0         0         0         1       
   1         0         0         0         1         0         0         0         1       
   0         0         1         0         1         0        -1         0         0       
   1         0         0         0         1         0         0         0         1       
   0.92     -0.39     -0.0021    0.39      0.92     -0.00092   0.0023    1.4e-05   1       
   0.31      0.92      0.24     -0.74      0.39     -0.55     -0.6      -0.0013    0.8     
   0.23      0.92      0.31     -0.55      0.39     -0.74     -0.8      -0.002     0.6     
  -0.92     -0.38     -0.062    -0.39      0.91      0.14      0.0038    0.15     -0.99    
  -0.77      0.62      0.14     -0.63     -0.7      -0.34     -0.11     -0.35      0.93    
  -0.62      0.78      0.12      0.7       0.48      0.53      0.36      0.41     -0.84    
  -0.77      0.57      0.28     -0.63     -0.6      -0.5      -0.11     -0.56      0.82    

XANCHOR
   0         0         0.22    
   0         0         0.22    
   0.065    -0.15      0.44    
   0.078    -0.18      0.42    
   0.11     -0.25      0.66    
   0.11     -0.25      0.66    
   0.047    -0.33      0.71    

XAXIS
   0         0         1       
   0.92      0.39     -4.2e-06 
   0.23     -0.55      0.8     
  -0.92     -0.39     -0.00039 
   0.14     -0.34      0.93    
  -0.62      0.7       0.36    
  -0.77     -0.63     -0.11    

GEOM_XPOS
   0         0         0       
  -0.00068   0.00039   0.05    
   0.1       0.3       1       
   0.6      -0.4       0.8     
  -0.3       0.3       0.6     
  -8.6e-06  -4.4e-06   0.18    
   0.011    -0.026     0.26    
   0.055    -0.13      0.38    
   0.08     -0.19      0.45    
   0.099    -0.23      0.61    
   0.11     -0.27      0.7     
   0.069    -0.32      0.71    

GEOM_XMAT
   1         0         0         0         1         0         0         0         1       
   0.63     -0.76     -0.14      0.77      0.64      0.019     0.076    -0.12      0.99    
   1         0         0         0         1         0         0         0         1       
   0         0         1         0         1         0        -1         0         0       
   1         0         0         0         1         0         0         0         1       
   0.92     -0.39     -5.8e-05   0.39      0.92     -3.7e-05   6.8e-05   1.2e-05   1       
   0.31      0.92      0.23     -0.74      0.39     -0.55     -0.6       0.00065   0.8     
   0.23      0.92      0.32     -0.53      0.39     -0.75     -0.82      0.0016    0.58    
  -0.92     -0.39     -0.057    -0.39      0.91      0.14     -0.0014    0.15     -0.99    
  -0.77      0.62      0.15     -0.63     -0.7      -0.34     -0.11     -0.36      0.93    
  -0.62      0.78     -0.11      0.7       0.61      0.37      0.36      0.15     -0.92    
   0.14     -0.62     -0.77     -0.34      0.7      -0.63      0.93      0.36     -0.11    

LIGHT_XPOS
   0         0         3       
   2         2         3       

LIGHT_XDIR
   0         0        -1       
  -0.58     -0.58     -0.58    

SUBTREE_COM
  -0.062     0.26      0.8     
   0.1       0.3       1       
   0.6      -0.4       0.8     
  -0.3       0.3       0.6     
   0.053    -0.13      0.41    
   0.063    -0.16      0.46    
   0.077    -0.19      0.51    
   0.091    -0.24      0.59    
   0.097    -0.26      0.65    
   0.096    -0.29      0.7     
   0.07     -0.32      0.72    

CDOF
   0         0         1         0.13      0.053    -0       
   0.92      0.39     -4.2e-06   0.076    -0.18     -0.14    
   0.23     -0.55      0.8      -5.7e-05  -0.003    -0.0021  
  -0.92     -0.39     -0.00039   0.0018   -0.0043   -0.055   
   0.14     -0.34      0.93     -0.027    -0.015    -0.0013  
  -0.62      0.7       0.36     -0.21     -0.17     -0.036   
  -0.77     -0.63     -0.11      0.21     -0.23     -0.15    

CINERT
   0         0         0         0         0         0         0         0         0         0       
   48        48        1.6       0         0         0         0         0         0         1.4e+02 
   0.02      5.2       5.2       0         0         0         0         0         0         16      
   48        48        1.6       0         0         0         0         0         0         1.4e+02 
   0.04      0.033     0.011     0.0037   -0.0066    0.017    -0.027     0.069    -0.12      0.51    
   0.019     0.014     0.0076    0.0023   -0.0035    0.0089   -0.022     0.057    -0.082     0.55    
   0.0035    0.0026    0.0021    0.00041  -0.0004    0.0012   -0.0017    0.011    -0.028     0.77    
   0.0029    0.0019    0.0018    0.00063  -0.00051   0.001     0.011    -0.023     0.018     0.44    
   0.019     0.016     0.0052    0.0019   -0.0036    0.0078    0.019    -0.041     0.078     0.42    
   0.03      0.025     0.0066    0.0024   -0.005     0.011     0.018    -0.041     0.085     0.3     
   0.022     0.016     0.0059    0.00054  -0.00089   0.0096    0.0029   -0.032     0.053     0.18    

ACTUATOR_LENGTH
  -1.2     
   0.64    
   0.00064 
   0.26    
  -1.3     
  -0.0026  
  -2.4e-06 

actuator_moment
---------
 x       |
  x      |
   x     |
    x    |
     x   |
      x  |
       x |
---------

ACTUATOR_MOMENT
     0:  1       
     1:  1       
     2:  1       
     3:  1       
     4:  1       
     5:  1       
     6:  1       

CRB
   0         0         0         0         0         0         0         0         0         0       
   48        48        1.6       0         0         0         0         0         0         1.4e+02 
   0.02      5.2       5.2       0         0         0         0         0         0         16      
   48        48        1.6       0         0         0         0         0         0         1.4e+02 
   0.14      0.11      0.04      0.012    -0.02      0.057     3.5e-17  -8.3e-17   1.1e-16   3.2     
   0.097     0.076     0.029     0.0082   -0.014     0.04      0.027    -0.069     0.12      2.7     
   0.077     0.062     0.022     0.0059   -0.01      0.031     0.049    -0.13      0.21      2.1     
   0.074     0.059     0.019     0.0054   -0.0099    0.03      0.051    -0.14      0.23      1.3     
   0.071     0.057     0.018     0.0048   -0.0094    0.029     0.04     -0.11      0.22      0.9     
   0.051     0.041     0.012     0.0029   -0.0059    0.021     0.021    -0.073     0.14      0.48    
   0.022     0.016     0.0059    0.00054  -0.00089   0.0096    0.0029   -0.032     0.053     0.18    

QM
   0.11    
   0.0054    0.33    
  -0.0051    0.0064    0.0042  
  -0.0033   -0.12     -0.0033    0.061   
   0.0021    0.0063    0.00089  -0.0035    0.0011  
   0.0069   -0.0052   -0.0015    0.0022    1.1e-06   0.0021  
  -1.5e-05  -0.0001    4.9e-06   9.2e-05  -2.4e-06   1.2e-10   8.5e-05 

M
     0:  0.11    
     0:  0.0054     1:  0.33    
     0: -0.0051     1:  0.0064     2:  0.0042  
     0: -0.0033     1: -0.12       2: -0.0033     3:  0.061   
     0:  0.0021     1:  0.0063     2:  0.00089    3: -0.0035     4:  0.0011  
     0:  0.0069     1: -0.0052     2: -0.0015     3:  0.0022     4:  1.1e-06    5:  0.0021  
     0: -1.5e-05    1: -0.0001     2:  4.9e-06    3:  9.2e-05    4: -2.4e-06    5:  1.2e-10    6:  8.5e-05 

QLD
     0:  0.079   
     0:  0.032      1:  0.086   
     0: -0.76       1: -0.18       2:  0.0024  
     0: -0.082      1: -2          2:  0.019      3:  0.048   
     0:  1.8        1:  5.6        2:  0.78       3: -3.1        4:  0.0011  
     0:  3.3        1: -2.5        2: -0.71       3:  1          4:  0.0005     5:  0.0021  
     0: -0.17       1: -1.2        2:  0.057      3:  1.1        4: -0.028      5:  1.4e-06    6:  8.5e-05 

QLDIAGINV
   13      
   12      
   4.2e+02 
   21      
   8.8e+02 
   4.7e+02 
   1.2e+04 

QH
     0:  0.11    
     0:  0.0066     1:  0.13    
     0: -0.33       1:  0.038      2:  0.014   
     0: -0.055      1: -1.7        2: -0.04       3:  0.07    
     0:  0.19       1:  0.57       2:  0.08       3: -0.31       4:  0.011   
     0:  0.57       1: -0.43       2: -0.12       3:  0.18       4:  8.7e-05    5:  0.012   
     0: -0.0015     1: -0.01       2:  0.00048    3:  0.0091     4: -0.00024    5:  1.2e-08    6:  0.01    

QHDIAGINV
   9       
   7.7     
   73      
   14      
   90      
   83      
   99      

CONTACT
ACTUATOR_VELOCITY
   4.6e-05 
   6.2e-05 
   3.5e-05 
   1.1e-05 
  -0.046   
   0.00025 
  -2.4e-07 

CVEL
   0         0         0         0         0         0       
   0         0         0         0         0         0       
   0         0         0         0         0         0       
   0         0         0         0         0         0       
   0         0         4.6e-05   6.2e-06   2.4e-06   0       
   5.7e-05   2.4e-05   4.6e-05   1.1e-05  -8.6e-06  -8.9e-06 
   6.5e-05   4.8e-06   7.4e-05   1.1e-05  -8.7e-06  -9e-06   
   5.5e-05   5.3e-07   7.4e-05   1.1e-05  -8.8e-06  -9.6e-06 
  -0.0066    0.016    -0.042     0.0012    0.00067   5e-05   
  -0.0067    0.016    -0.042     0.0012    0.00063   4.1e-05 
  -0.0067    0.016    -0.042     0.0012    0.00063   4.1e-05 

CDOF_DOT
   0         0         0         0         0         0       
  -1.8e-05   4.2e-05   0         8.2e-06   3.5e-06   1.6e-07 
   4.4e-05  -3.5e-05  -3.7e-05  -1.2e-05  -1.1e-05  -4.1e-06 
   2.9e-05  -6.8e-05  -2.1e-05  -3.5e-06   1.2e-05  -1.3e-05 
   2.6e-05  -4e-05    -1.9e-05  -1e-05    -1.3e-05  -3.3e-06 
   0.035     0.029     0.0051   -0.0076    0.0084    0.0058  
  -0.028     0.032     0.016    -0.012    -0.0098   -0.002   

QFRC_BIAS
   6.9e-06 
  -4.5     
  -0.065   
   0.71    
  -0.04    
   0.13    
   0.00012 

QFRC_SPRING
   0       
   0       
   0       
   0       
   0       
   0       
   0       

QFRC_DAMPER
  -0.00046 
  -0.00062 
  -0.00035 
  -0.00011 
   0.46    
  -0.0025  
   2.4e-06 

QFRC_GRAVCOMP
   0       
   0       
   0       
   0       
   0       
   0       
   0       

QFRC_FLUID
   0       
   0       
   0       
   0       
   0       
   0       
   0       

QFRC_PASSIVE
  -0.00046 
  -0.00062 
  -0.00035 
  -0.00011 
   0.46    
  -0.0025  
   2.4e-06 

SUBTREE_LINVEL
   0         0         0       
   0         0         0       
   0         0         0       
   0         0         0       
   0         0         0       
   0         0         0       
   0         0         0       
   0         0         0       
   0         0         0       
   0         0         0       
   0         0         0       

SUBTREE_ANGMOM
   0         0         0       
   0         0         0       
   0         0         0       
   0         0         0       
   0         0         0       
   0         0         0       
   0         0         0       
   0         0         0       
   0         0         0       
   0         0         0       
   0         0         0       

ACTUATOR_FORCE
   0.00091 
  -4.5     
  -0.064   
   0.71    
  -0.49    
   0.13    
   0.00012 

QFRC_ACTUATOR
   0.00091 
  -4.5     
  -0.064   
   0.71    
  -0.49    
   0.13    
   0.00012 

QFRC_SMOOTH
   0.00044 
   0.0013  
   0.0002  
  -0.00076 
   0.0025  
  -9.9e-06 
  -5.1e-07 

QACC_SMOOTH
  -0.065   
   0.012   
  -0.86    
   0.18    
   3.5     
  -0.56    
  -0.05    

QFRC_CONSTRAINT
   0       
   0       
   0       
   0       
   0       
   0       
   0       

QFRC_INVERSE
   0       
   0       
   0       
   0       
   0       
   0       
   0       

CACC
   0         0         0         0         0         0       
   0         0         0         0         0         0       
   0         0         0         0         0         0       
   0         0         0         0         0         0       
   0         0         0         0         0         0       
   0         0         0         0         0         0       
   0         0         0         0         0         0       
   0         0         0         0         0         0       
   0         0         0         0         0         0       
   0         0         0         0         0         0       
   0         0         0         0         0         0       

CFRC_INT
   0         0         0         0         0         0       
   0         0         0         0         0         0       
   0         0         0         0         0         0       
   0         0         0         0         0         0       
   0         0         0         0         0         0       
   0         0         0         0         0         0       
   0         0         0         0         0         0       
   0         0         0         0         0         0       
   0         0         0         0         0         0       
   0         0         0         0         0         0       
   0         0         0         0         0         0       

CFRC_EXT
   0         0         0         0         0         0       
   0         0         0         0         0         0       
   0         0         0         0         0         0       
   0         0         0         0         0         0       
   0         0         0         0         0         0       
   0         0         0         0         0         0       
   0         0         0         0         0         0       
   0         0         0         0         0         0       
   0         0         0         0         0         0       
   0         0         0         0         0         0       
   0         0         0         0         0         0       

